Annotation Cluster 1	Enrichment Score: 3.0341497713737944
Category	Term	Count	%	PValue	Genes	List Total	Pop Hits	Pop Total	Fold Enrichment	Bonferroni	Benjamini	FDR
INTERPRO	IPR013087:Zinc finger C2H2-type/integrase DNA-binding domain	20	3.231017770597738	1.0534089334215163E-4	411652, 100577801, 100576963, 100578561, 726916, 100577272, 413109, 100577220, 100578888, 100578743, 725061, 725562, 100577174, 100576817, 725012, 410399, 551928, 724150, 411166, 409470	417	110	6219	2.7115761935905818	0.06893379053759607	0.02352711433879917	0.15806471056212246
INTERPRO	IPR007087:Zinc finger, C2H2	24	3.877221324717286	1.2345175572836398E-4	410549, 411652, 408754, 100577801, 100576963, 100578561, 726916, 552046, 100577272, 413109, 100577220, 100578888, 411629, 100578743, 725061, 725562, 100577174, 100576817, 725012, 410399, 551928, 724150, 411166, 409470	417	149	6219	2.402201728550046	0.08029789223785666	0.020708927322112602	0.18521667481973259
INTERPRO	IPR015880:Zinc finger, C2H2-like	22	3.5541195476575123	1.2553270268638564E-4	410549, 411652, 100577801, 100576963, 100578561, 726916, 552046, 100577272, 413109, 100577220, 100578888, 100578743, 725061, 725562, 100577174, 100576817, 725012, 410399, 551928, 724150, 411166, 409470	417	130	6219	2.5238516878804647	0.081594729810187	0.016879225292724676	0.18833600731569256
GOTERM_MF_DIRECT	GO:0003676~nucleic acid binding	36	5.815831987075929	1.7844525930072955E-4	725076, 100577801, 100576963, 100578561, 726916, 100577272, 552467, 551587, 413109, 412243, 725562, 725061, 408840, 100576817, 100578044, 410399, 412313, 411166, 551928, 100578161, 551045, 411652, 724505, 552046, 411577, 100577220, 100578888, 100578743, 725626, 551602, 100577174, 725012, 725173, 724150, 551973, 409470	251	269	3566	1.901331477065715	0.020838239282006454	0.020838239282006454	0.20402938802925874
SMART	SM00355:ZnF_C2H2	22	3.5541195476575123	0.010292305517507313	410549, 411652, 100577801, 100576963, 100578561, 726916, 552046, 100577272, 413109, 100577220, 100578888, 100578743, 725061, 725562, 100577174, 100576817, 725012, 410399, 551928, 724150, 411166, 409470	268	130	2790	1.761768082663605	0.8478526825822897	0.6099393413612311	11.985388029379463
GOTERM_MF_DIRECT	GO:0046872~metal ion binding	24	3.877221324717286	0.20808105476799893	413448, 410549, 411652, 100577801, 100576963, 100578561, 409915, 100577272, 413109, 413998, 100578262, 100577220, 100578743, 726254, 725562, 412655, 100577174, 100576817, 410399, 551928, 724150, 411166, 409470, 409497	251	275	3566	1.2398985874683086	0.9999999999988926	0.8600337524933345	93.07430270504496

Annotation Cluster 2	Enrichment Score: 3.0115330967163607
Category	Term	Count	%	PValue	Genes	List Total	Pop Hits	Pop Total	Fold Enrichment	Bonferroni	Benjamini	FDR
UP_KEYWORDS	ANK repeat	13	2.10016155088853	3.55238678897313E-4	552483, 726254, 408374, 552812, 413032, 409303, 412357, 411148, 725124, 413388, 409230, 726461, 411980	486	56	7008	3.3474426807760143	0.04378072557615609	0.04378072557615609	0.4106173579900063
INTERPRO	IPR002110:Ankyrin repeat	13	2.10016155088853	5.044459805709804E-4	552483, 726254, 408374, 552812, 413032, 409303, 412357, 411148, 725124, 413388, 409230, 726461, 411980	417	60	6219	3.231294964028777	0.28972330083768905	0.04769652998413676	0.7548114935961303
INTERPRO	IPR020683:Ankyrin repeat-containing domain	13	2.10016155088853	5.90836081761882E-4	552483, 726254, 408374, 552812, 413032, 409303, 412357, 411148, 725124, 413388, 409230, 726461, 411980	417	61	6219	3.1783229154381414	0.3301525309536172	0.04885442869996015	0.8835439441303716
SMART	SM00248:ANK	13	2.10016155088853	0.008493089321151658	552483, 726254, 408374, 552812, 413032, 409303, 412357, 411148, 725124, 413388, 409230, 726461, 411980	268	59	2790	2.2938274728054644	0.788248894451489	0.788248894451489	9.99042276699078

Annotation Cluster 3	Enrichment Score: 2.6084210884836105
Category	Term	Count	%	PValue	Genes	List Total	Pop Hits	Pop Total	Fold Enrichment	Bonferroni	Benjamini	FDR
INTERPRO	IPR017441:Protein kinase, ATP binding site	21	3.392568659127625	1.5937856799570122E-5	413448, 412419, 552576, 551198, 412667, 551659, 409952, 413052, 408312, 551673, 408519, 413126, 413152, 411980, 409246, 413510, 551773, 410208, 411678, 410489, 724453	417	105	6219	2.98273381294964	0.010747778444301082	0.010747778444301082	0.023929846917980502
INTERPRO	IPR011009:Protein kinase-like domain	27	4.361873990306947	7.153184718843432E-5	551685, 409952, 413052, 408519, 413152, 413510, 409246, 551773, 410208, 411678, 413389, 410502, 551424, 412419, 413448, 552576, 551198, 412667, 551659, 408312, 551673, 413126, 411980, 727185, 408373, 410489, 724453	417	173	6219	2.3275668482554996	0.047342972283026086	0.02395849078178347	0.10735944268986941
INTERPRO	IPR000719:Protein kinase, catalytic domain	24	3.877221324717286	1.5176050883121514E-4	413448, 412419, 552576, 551198, 412667, 551659, 551685, 409952, 413052, 408312, 551673, 408519, 413126, 413152, 411980, 409246, 413510, 551773, 410208, 411678, 410489, 413389, 724453, 551424	417	151	6219	2.3703844871122968	0.09778410252232395	0.017004010691162308	0.22764360075343548
INTERPRO	IPR008271:Serine/threonine-protein kinase, active site	15	2.4232633279483036	0.003614319820602859	413448, 412419, 551198, 551659, 409952, 551673, 408519, 411980, 413510, 409246, 411678, 551773, 410489, 413389, 724453	417	94	6219	2.3798408082045	0.9141323394959655	0.2176826481106119	5.291977499961254
GOTERM_MF_DIRECT	GO:0004672~protein kinase activity	11	1.7770597738287561	0.007040030441678603	551773, 551685, 410489, 409952, 413389, 551673, 551424, 413126, 411980, 413152, 413510	251	59	3566	2.6487946519008716	0.5655444099390559	0.15357383896391774	7.767142409281469
GOTERM_MF_DIRECT	GO:0004674~protein serine/threonine kinase activity	10	1.615508885298869	0.020152940156423833	412419, 413448, 727185, 551198, 411678, 410208, 551659, 724453, 408519, 409246	251	59	3566	2.4079951380917013	0.9094937295463221	0.25939807998039355	20.784142388859962
SMART	SM00220:S_TKc	18	2.9079159935379644	0.034910598165979835	413448, 412419, 551198, 551659, 551685, 409952, 551673, 408519, 413126, 411980, 413510, 409246, 551773, 410208, 411678, 410489, 413389, 724453	268	112	2790	1.6731076759061834	0.998446563699006	0.6596840990352658	35.499915775153134
GOTERM_MF_DIRECT	GO:0005524~ATP binding	36	5.815831987075929	0.4381737291308511	410352, 409192, 551685, 413341, 413052, 409952, 411068, 408519, 413152, 409246, 413510, 551773, 411678, 410208, 413389, 412742, 551424, 412313, 412419, 413448, 412092, 552576, 551198, 410535, 412667, 551659, 408312, 551673, 413126, 411980, 726506, 727185, 410489, 724453, 413328, 409576	251	482	3566	1.0611165297316958	1.0	0.981721372116579	99.86374580324721

Annotation Cluster 4	Enrichment Score: 1.7575686144051126
Category	Term	Count	%	PValue	Genes	List Total	Pop Hits	Pop Total	Fold Enrichment	Bonferroni	Benjamini	FDR
GOTERM_MF_DIRECT	GO:0008270~zinc ion binding	38	6.138933764135703	0.0017324999955575624	725076, 408754, 409200, 409303, 726916, 100579022, 413152, 100576640, 408523, 727447, 725061, 410796, 410874, 726587, 551614, 409084, 100576266, 413388, 413288, 412059, 409382, 552046, 100576957, 411148, 724935, 411694, 408283, 408431, 100578888, 725654, 411629, 411585, 410809, 725012, 413399, 412808, 410541, 412175	251	326	3566	1.6560506440495686	0.1850367804130747	0.06593018831357944	1.9648980961953777
INTERPRO	IPR019787:Zinc finger, PHD-finger	7	1.1308562197092082	0.005136159656673296	411629, 410809, 410874, 410796, 726587, 100576266, 413288	417	25	6219	4.175827338129497	0.9695384441118626	0.271953228763977	7.441015326382283
INTERPRO	IPR001965:Zinc finger, PHD-type	7	1.1308562197092082	0.005136159656673296	411629, 410809, 410874, 410796, 726587, 100576266, 413288	417	25	6219	4.175827338129497	0.9695384441118626	0.271953228763977	7.441015326382283
UP_KEYWORDS	Zinc-finger	18	2.9079159935379644	0.00857334385153586	408754, 409303, 409200, 409915, 411694, 100579022, 413998, 411629, 727447, 411585, 410809, 410874, 410796, 551614, 726587, 100576266, 411166, 413288	486	131	7008	1.9813401187446986	0.6620639503185812	0.303461957579656	9.4902836267857
INTERPRO	IPR013083:Zinc finger, RING/FYVE/PHD-type	20	3.231017770597738	0.014504515664500485	409200, 724935, 100579022, 408283, 413998, 725654, 100576640, 411629, 408523, 411585, 412607, 410809, 410874, 410796, 726587, 100576266, 412002, 410541, 412175, 413288	417	166	6219	1.796827598162434	0.9999501293544738	0.5071631040778942	19.699708520059467
INTERPRO	IPR011011:Zinc finger, FYVE/PHD-type	9	1.4539579967689822	0.014959795581210298	411629, 412607, 410809, 410874, 410796, 726587, 100576266, 413998, 413288	417	49	6219	2.739245338423139	0.9999635428623548	0.4940369080847844	20.254965410276327
SMART	SM00249:PHD	7	1.1308562197092082	0.02699203392159768	411629, 410809, 410874, 410796, 726587, 100576266, 413288	268	25	2790	2.9149253731343285	0.9931264032487042	0.63065109993212	28.656595607445524
INTERPRO	IPR019786:Zinc finger, PHD-type, conserved site	5	0.8077544426494345	0.06353715449904704	410809, 410874, 410796, 726587, 413288	417	23	6219	3.242101970597435	1.0	0.8919736536142007	62.68375543691758
UP_KEYWORDS	Zinc	21	3.392568659127625	0.08293260394455754	413448, 408754, 409303, 409200, 409915, 411694, 100579022, 413998, 413152, 408431, 411629, 727447, 411585, 410809, 410874, 410796, 726587, 551614, 100576266, 411166, 413288	486	208	7008	1.4558404558404558	0.9999816954969672	0.8871473949953789	63.30710896145369
UP_KEYWORDS	Metal-binding	28	4.523424878836833	0.21968265899922446	408754, 409200, 409303, 409915, 100579022, 413152, 727447, 410796, 410874, 726587, 551614, 100576266, 411166, 408721, 413288, 413448, 408764, 411694, 413998, 100578262, 408431, 411629, 411585, 411809, 411057, 410809, 412655, 409497	486	332	7008	1.2161237542763648	0.9999999999999734	0.9416533088660081	94.34502444476811

Annotation Cluster 5	Enrichment Score: 1.7261770955407192
Category	Term	Count	%	PValue	Genes	List Total	Pop Hits	Pop Total	Fold Enrichment	Bonferroni	Benjamini	FDR
GOTERM_MF_DIRECT	GO:0004842~ubiquitin-protein transferase activity	9	1.4539579967689822	0.0012505396523380728	100576640, 409385, 726254, 408754, 409382, 411585, 409303, 411182, 100576472	251	32	3566	3.9957669322709166	0.1372721776375847	0.07116857161139545	1.4218558576275186
INTERPRO	IPR000569:HECT	5	0.8077544426494345	0.0029969130687466676	409385, 726254, 409382, 411182, 100576472	417	10	6219	7.456834532374101	0.8693140133679171	0.20236679600968643	4.406910632077032
SMART	SM00119:HECTc	5	0.8077544426494345	0.01081590633494879	409385, 726254, 409382, 411182, 100576472	268	10	2790	5.205223880597014	0.8618227323943679	0.483013899679149	12.558274212142685
GOTERM_MF_DIRECT	GO:0016874~ligase activity	5	0.8077544426494345	0.01347468947006341	409385, 726254, 409382, 411182, 100576472	251	14	3566	5.073989755264655	0.7982695825854483	0.20442408541925672	14.38056614162926
UP_KEYWORDS	Ubl conjugation pathway	5	0.8077544426494345	0.2210475938218219	409385, 726254, 409382, 411182, 100576472	486	35	7008	2.0599647266313936	0.9999999999999786	0.9274120229165821	94.4585227638661
KEGG_PATHWAY	ame04120:Ubiquitin mediated proteolysis	6	0.9693053311793215	0.3639974483775774	100576640, 409382, 411182, 409522, 100576472, 411536	96	83	1988	1.4969879518072289	0.9999999998510835	0.8245826560720053	98.72052980144804

Annotation Cluster 6	Enrichment Score: 1.2932753262613346
Category	Term	Count	%	PValue	Genes	List Total	Pop Hits	Pop Total	Fold Enrichment	Bonferroni	Benjamini	FDR
INTERPRO	IPR003595:Protein-tyrosine phosphatase, catalytic	5	0.8077544426494345	0.0063452848141846265	411563, 411859, 411227, 551375, 725118	417	12	6219	6.2140287769784175	0.9866442750779822	0.3020800349728925	9.115917342365776
GOTERM_MF_DIRECT	GO:0004725~protein tyrosine phosphatase activity	6	0.9693053311793215	0.013058861189989666	411563, 411859, 411227, 551375, 726510, 725118	251	21	3566	4.059191804211724	0.7879844333344768	0.22780327005753254	13.966636329184912
SMART	SM00404:PTPc_motif	5	0.8077544426494345	0.021865448678604914	411563, 411859, 411227, 551375, 725118	268	12	2790	4.337686567164178	0.9821126826951567	0.6342904489258842	23.876857535180452
INTERPRO	IPR016130:Protein-tyrosine phosphatase, active site	5	0.8077544426494345	0.04065403641430095	411563, 411859, 411227, 551375, 725118	417	20	6219	3.7284172661870505	0.9999999999993985	0.8089572050931436	46.37864972652147
UP_KEYWORDS	Protein phosphatase	4	0.6462035541195477	0.09413586355376115	411227, 551375, 412655, 725118	486	16	7008	3.6049382716049387	0.9999961100293235	0.8745922465674278	68.17545300074264
INTERPRO	IPR000242:Protein-tyrosine phosphatase, receptor/non-receptor type	3	0.48465266558966075	0.09557466262300834	411227, 551375, 725118	417	8	6219	5.592625899280576	1.0	0.92716589466608	77.87484282944321
SMART	SM00194:PTPc	3	0.48465266558966075	0.17401658049021385	411227, 551375, 725118	268	8	2790	3.903917910447761	0.9999999999999992	0.9691767664057067	90.55050132136034
INTERPRO	IPR000387:Protein-tyrosine/Dual specificity phosphatase	3	0.48465266558966075	0.39074225953091524	411227, 551375, 725118	417	20	6219	2.23705035971223	1.0	0.9972440890116429	99.94131311699076

Annotation Cluster 7	Enrichment Score: 1.0782550737602246
Category	Term	Count	%	PValue	Genes	List Total	Pop Hits	Pop Total	Fold Enrichment	Bonferroni	Benjamini	FDR
GOTERM_CC_DIRECT	GO:0005634~nucleus	38	6.138933764135703	9.513058546503049E-4	726999, 724861, 100577110, 725706, 726916, 412770, 411327, 552797, 409301, 100576640, 412607, 413912, 725061, 408840, 410796, 410874, 409084, 725023, 413388, 406077, 409119, 411166, 551779, 551045, 411276, 724505, 410535, 725407, 725474, 726397, 100578888, 100576912, 551506, 724845, 410989, 725012, 100577552, 724727	183	372	3033	1.6930195663670016	0.04738047119494149	0.04738047119494149	0.9165023123747562
GOTERM_MF_DIRECT	GO:0003700~transcription factor activity, sequence-specific DNA binding	16	2.5848142164781907	0.0019462028627916948	551340, 411276, 408923, 725191, 724861, 410535, 412770, 725757, 411553, 552797, 409301, 413653, 100576912, 551506, 409084, 406077	251	94	3566	2.418241925913368	0.2053676330677655	0.05584877123419629	2.204810082500519
GOTERM_BP_DIRECT	GO:0006355~regulation of transcription, DNA-templated	15	2.4232633279483036	0.011319523130306486	726999, 100577110, 725407, 551506, 724622, 409049, 100578826, 724845, 409854, 413006, 413130, 406077, 724727, 414014, 411674	129	131	2319	2.0584058228297533	0.683297277891139	0.683297277891139	11.890738353552067
GOTERM_MF_DIRECT	GO:0043565~sequence-specific DNA binding	13	2.10016155088853	0.11546313652868682	551340, 725191, 411276, 100576912, 724861, 100577110, 725407, 551506, 724845, 409084, 552797, 406077, 413653	251	117	3566	1.5785745905267818	0.999999484200911	0.7318317705560098	75.44178607163106
UP_KEYWORDS	DNA-binding	15	2.4232633279483036	0.12787437189625317	726999, 551340, 411276, 100577110, 724861, 725407, 412770, 409301, 552797, 551506, 724845, 406077, 724727, 411166, 551779	486	145	7008	1.4916985951468709	0.99999996741932	0.8840902369392646	79.49468092451369
UP_KEYWORDS	Nucleus	22	3.5541195476575123	0.16121275433046434	726999, 413793, 411276, 724505, 100577110, 725407, 725474, 412770, 409301, 552797, 551506, 410874, 410796, 724845, 409084, 412742, 406077, 413388, 409119, 724727, 411166, 551779	486	241	7008	1.31632600788894	0.9999999997600454	0.9146653417789301	86.94315849281952
INTERPRO	IPR009057:Homeodomain-like	10	1.615508885298869	0.2074237690904131	726999, 100577110, 725407, 551506, 724845, 409084, 412742, 406077, 409119, 724727	417	98	6219	1.521802965790633	1.0	0.9744061554039328	96.95220686177352
INTERPRO	IPR001356:Homeodomain	7	1.1308562197092082	0.30208894211221365	726999, 100577110, 725407, 551506, 724845, 406077, 724727	417	68	6219	1.5352306390181973	1.0	0.9916158337794427	99.54868574352898
INTERPRO	IPR020479:Homeodomain, metazoa	4	0.6462035541195477	0.30628296577533287	725407, 551506, 724845, 406077	417	29	6219	2.0570578020342345	1.0	0.9915030650641281	99.5877402137729
UP_KEYWORDS	Homeobox	7	1.1308562197092082	0.33034755174175523	726999, 100577110, 725407, 551506, 724845, 406077, 724727	486	68	7008	1.4843863471314453	1.0	0.9396126145430026	99.0378940789951
INTERPRO	IPR017970:Homeobox, conserved site	5	0.8077544426494345	0.5633958636464818	100577110, 725407, 551506, 724845, 406077	417	59	6219	1.2638702597244238	1.0	0.9997992199313319	99.99960599091628
SMART	SM00389:HOX	7	1.1308562197092082	0.6457664891540926	726999, 100577110, 725407, 551506, 724845, 406077, 724727	268	68	2790	1.0716637401229148	1.0	0.9997286627914039	99.99972575448022

Annotation Cluster 8	Enrichment Score: 0.9169749617683869
Category	Term	Count	%	PValue	Genes	List Total	Pop Hits	Pop Total	Fold Enrichment	Bonferroni	Benjamini	FDR
INTERPRO	IPR013761:Sterile alpha motif/pointed domain	5	0.8077544426494345	0.09185651552147603	409711, 413032, 552797, 100576266, 551498	417	26	6219	2.8680132816823463	1.0	0.926692355522814	76.4689450957707
INTERPRO	IPR001660:Sterile alpha motif domain	4	0.6462035541195477	0.1005157084019556	409711, 413032, 100576266, 551498	417	17	6219	3.509098603470165	1.0	0.9300596568186257	79.62203132310651
SMART	SM00454:SAM	4	0.6462035541195477	0.19219018730262633	409711, 413032, 100576266, 551498	268	16	2790	2.6026119402985075	1.0	0.9707323852070433	92.81916202684467

Annotation Cluster 9	Enrichment Score: 0.8909126427861459
Category	Term	Count	%	PValue	Genes	List Total	Pop Hits	Pop Total	Fold Enrichment	Bonferroni	Benjamini	FDR
INTERPRO	IPR001245:Serine-threonine/tyrosine-protein kinase catalytic domain	7	1.1308562197092082	0.023466476078374144	413448, 552576, 412667, 551685, 413052, 408312, 413152	417	34	6219	3.0704612780363947	0.9999998981660839	0.6344108671717128	29.993101943392574
GOTERM_MF_DIRECT	GO:0004713~protein tyrosine kinase activity	4	0.6462035541195477	0.06968282335018687	552576, 412667, 413052, 408312	251	14	3566	4.059191804211724	0.9998011788133113	0.5735714573311415	56.24762796551989
INTERPRO	IPR020635:Tyrosine-protein kinase, catalytic domain	4	0.6462035541195477	0.19636608190739913	552576, 412667, 413052, 408312	417	23	6219	2.593681576477948	1.0	0.9706661527553498	96.24732579385861
INTERPRO	IPR008266:Tyrosine-protein kinase, active site	4	0.6462035541195477	0.2875441789226201	552576, 412667, 413052, 408312	417	28	6219	2.1305241521068856	1.0	0.9924845506425902	99.38483503986916
SMART	SM00219:TyrKc	4	0.6462035541195477	0.3802700442798051	552576, 412667, 413052, 408312	268	23	2790	1.8105126541207006	1.0	0.9969889114071777	99.72726864351993

Annotation Cluster 10	Enrichment Score: 0.8607753535613991
Category	Term	Count	%	PValue	Genes	List Total	Pop Hits	Pop Total	Fold Enrichment	Bonferroni	Benjamini	FDR
INTERPRO	IPR013083:Zinc finger, RING/FYVE/PHD-type	20	3.231017770597738	0.014504515664500485	409200, 724935, 100579022, 408283, 413998, 725654, 100576640, 411629, 408523, 411585, 412607, 410809, 410874, 410796, 726587, 100576266, 412002, 410541, 412175, 413288	417	166	6219	1.796827598162434	0.9999501293544738	0.5071631040778942	19.699708520059467
INTERPRO	IPR001841:Zinc finger, RING-type	10	1.615508885298869	0.13913379543911814	100576640, 408523, 411585, 409200, 409303, 724935, 408283, 410541, 412175, 725654	417	89	6219	1.6756931533424946	1.0	0.9581737169831519	89.4565122585323
INTERPRO	IPR017907:Zinc finger, RING-type, conserved site	4	0.6462035541195477	0.34384960828594924	100576640, 411585, 410541, 412175	417	31	6219	1.9243443954513808	1.0	0.994960633701811	99.82131172155579
SMART	SM00184:RING	7	1.1308562197092082	0.519510330541239	100576640, 408523, 411585, 724935, 408283, 410541, 412175	268	60	2790	1.21455223880597	1.0	0.9987313994412936	99.98819912032275

Annotation Cluster 11	Enrichment Score: 0.8204722822772865
Category	Term	Count	%	PValue	Genes	List Total	Pop Hits	Pop Total	Fold Enrichment	Bonferroni	Benjamini	FDR
INTERPRO	IPR005829:Sugar transporter, conserved site	5	0.8077544426494345	0.06353715449904704	551553, 552258, 409424, 551053, 408302	417	23	6219	3.242101970597435	1.0	0.8919736536142007	62.68375543691758
GOTERM_MF_DIRECT	GO:0022857~transmembrane transporter activity	4	0.6462035541195477	0.12745980391751613	412941, 551553, 551053, 408302	251	18	3566	3.1571491810535632	0.9999998970367392	0.7383483221443002	78.9948428673768
INTERPRO	IPR005828:General substrate transporter	5	0.8077544426494345	0.21809663544997926	412941, 551553, 409424, 551053, 408302	417	36	6219	2.0713429256594726	1.0	0.9774271640220031	97.51360006496253
INTERPRO	IPR020846:Major facilitator superfamily domain	10	1.615508885298869	0.29584272759357494	412941, 725470, 551553, 552258, 411186, 552505, 409424, 725192, 551053, 408302	417	108	6219	1.3808952837729815	1.0	0.9914019352559074	99.48407642082145

Annotation Cluster 12	Enrichment Score: 0.7378083348835426
Category	Term	Count	%	PValue	Genes	List Total	Pop Hits	Pop Total	Fold Enrichment	Bonferroni	Benjamini	FDR
UP_KEYWORDS	Calcium	5	0.8077544426494345	0.07034170019551617	411023, 408764, 410585, 411157, 408721	486	23	7008	3.1347289318303813	0.9998979666328539	0.8994954890406761	57.030164435714084
INTERPRO	IPR020894:Cadherin conserved site	3	0.48465266558966075	0.09557466262300834	411023, 410585, 411157	417	8	6219	5.592625899280576	1.0	0.92716589466608	77.87484282944321
GOTERM_BP_DIRECT	GO:0007156~homophilic cell adhesion via plasma membrane adhesion molecules	3	0.48465266558966075	0.10175485216716124	411023, 410585, 411157	129	10	2319	5.3930232558139535	0.9999803716917479	0.9955696153381353	69.67893088800984
INTERPRO	IPR002126:Cadherin	3	0.48465266558966075	0.14076142133371464	411023, 410585, 411157	417	10	6219	4.47410071942446	1.0	0.9557067634242261	89.75191628715959
INTERPRO	IPR015919:Cadherin-like	3	0.48465266558966075	0.14076142133371464	411023, 410585, 411157	417	10	6219	4.47410071942446	1.0	0.9557067634242261	89.75191628715959
SMART	SM00112:CA	3	0.48465266558966075	0.21027905051501738	411023, 410585, 411157	268	9	2790	3.470149253731343	1.0	0.9721376873314386	94.56995511802786
GOTERM_MF_DIRECT	GO:0005509~calcium ion binding	8	1.2924071082390953	0.5594325539468824	411023, 408764, 410585, 411157, 552261, 724217, 409779, 408721	251	100	3566	1.1365737051792828	1.0	0.9920626929499814	99.99156778599782
GOTERM_CC_DIRECT	GO:0005886~plasma membrane	5	0.8077544426494345	0.7850756895354333	411023, 410585, 411157, 411760, 413472	183	88	3033	0.9416915052160953	1.0	0.9999998453633157	99.99996528211497

Annotation Cluster 13	Enrichment Score: 0.7324540624421852
Category	Term	Count	%	PValue	Genes	List Total	Pop Hits	Pop Total	Fold Enrichment	Bonferroni	Benjamini	FDR
INTERPRO	IPR004087:K Homology domain	4	0.6462035541195477	0.08690440839303601	410580, 410398, 100577552, 724955	417	16	6219	3.72841726618705	1.0	0.923337328318078	74.46674682510645
INTERPRO	IPR004088:K Homology domain, type 1	4	0.6462035541195477	0.11491459981228848	410580, 410398, 100577552, 724955	417	18	6219	3.3141486810551557	1.0	0.9479663935631117	84.00730587274259
SMART	SM00322:KH	4	0.6462035541195477	0.19219018730262633	410580, 410398, 100577552, 724955	268	16	2790	2.6026119402985075	1.0	0.9707323852070433	92.81916202684467
GOTERM_MF_DIRECT	GO:0003723~RNA binding	8	1.2924071082390953	0.6124004819329248	410580, 409200, 410383, 410398, 413146, 724212, 100577552, 724955	251	105	3566	1.0824511477897931	1.0	0.9938022034502211	99.99805329548612

Annotation Cluster 14	Enrichment Score: 0.6895038906764447
Category	Term	Count	%	PValue	Genes	List Total	Pop Hits	Pop Total	Fold Enrichment	Bonferroni	Benjamini	FDR
INTERPRO	IPR000504:RNA recognition motif domain	10	1.615508885298869	0.1257798064679378	725626, 409200, 551602, 410398, 552467, 100578044, 551587, 412243, 551973, 100578161	417	87	6219	1.714214835028529	1.0	0.9471322115423657	86.71474577718112
GOTERM_MF_DIRECT	GO:0000166~nucleotide binding	13	2.10016155088853	0.14427993548825283	409200, 409915, 410398, 552467, 551587, 412243, 725626, 412623, 551602, 100576683, 100578044, 100578161, 551973	251	122	3566	1.5138789105871595	0.9999999896451838	0.756902672490168	83.18959272681154
INTERPRO	IPR012677:Nucleotide-binding, alpha-beta plait	11	1.7770597738287561	0.1561593445136005	725626, 409200, 551602, 410398, 409915, 552467, 100578044, 551587, 412243, 551973, 100578161	417	104	6219	1.5774073049252904	1.0	0.959145642053386	92.18883126776662
SMART	SM00360:RRM	8	1.2924071082390953	0.6160267885575834	725626, 551602, 410398, 552467, 100578044, 551587, 412243, 551973	268	77	2790	1.0816049622019772	1.0	0.9996360556897179	99.99925837199312

Annotation Cluster 15	Enrichment Score: 0.630327283357618
Category	Term	Count	%	PValue	Genes	List Total	Pop Hits	Pop Total	Fold Enrichment	Bonferroni	Benjamini	FDR
INTERPRO	IPR001849:Pleckstrin homology domain	6	0.9693053311793215	0.1465275867538277	411744, 408438, 726993, 408874, 724344, 409230	417	42	6219	2.130524152106886	1.0	0.9535439712570059	90.73743548829421
INTERPRO	IPR011993:Pleckstrin homology-like domain	10	1.615508885298869	0.1832686356305238	411563, 411744, 408438, 726993, 412143, 552297, 408874, 724344, 409230, 408275	417	95	6219	1.5698599015524421	1.0	0.9676597767762478	95.21624573532608
SMART	SM00233:PH	5	0.8077544426494345	0.4786417814213892	411744, 408438, 726993, 408874, 409230	268	37	2790	1.40681726502622	1.0	0.9990630990208482	99.96768519071748

Annotation Cluster 16	Enrichment Score: 0.6247152231414845
Category	Term	Count	%	PValue	Genes	List Total	Pop Hits	Pop Total	Fold Enrichment	Bonferroni	Benjamini	FDR
INTERPRO	IPR017884:SANT domain	3	0.48465266558966075	0.11761698394434063	409084, 412742, 409119	417	9	6219	4.971223021582735	1.0	0.9463584377270285	84.72505562181772
INTERPRO	IPR001005:SANT/Myb domain	3	0.48465266558966075	0.265351346113855	409084, 412742, 409119	417	15	6219	2.9827338129496406	1.0	0.9904000872343334	99.02493646754958
SMART	SM00717:SANT	3	0.48465266558966075	0.4281175159462871	409084, 412742, 409119	268	15	2790	2.0820895522388057	1.0	0.9982647390551669	99.89881529300546

Annotation Cluster 17	Enrichment Score: 0.6101595535317996
Category	Term	Count	%	PValue	Genes	List Total	Pop Hits	Pop Total	Fold Enrichment	Bonferroni	Benjamini	FDR
INTERPRO	IPR013320:Concanavalin A-like lectin/glucanase, subgroup	5	0.8077544426494345	0.1627158194786475	413637, 410585, 411157, 408497, 724217	417	32	6219	2.3302607913669067	1.0	0.961390182799696	93.05219011875197
INTERPRO	IPR001791:Laminin G domain	3	0.48465266558966075	0.18940361594380895	410585, 411157, 724217	417	12	6219	3.7284172661870505	1.0	0.9689586565000506	95.72833277669399
SMART	SM00282:LamG	3	0.48465266558966075	0.21027905051501738	410585, 411157, 724217	268	9	2790	3.470149253731343	1.0	0.9721376873314386	94.56995511802786
GOTERM_MF_DIRECT	GO:0005509~calcium ion binding	8	1.2924071082390953	0.5594325539468824	411023, 408764, 410585, 411157, 552261, 724217, 409779, 408721	251	100	3566	1.1365737051792828	1.0	0.9920626929499814	99.99156778599782

Annotation Cluster 18	Enrichment Score: 0.5534307532218105
Category	Term	Count	%	PValue	Genes	List Total	Pop Hits	Pop Total	Fold Enrichment	Bonferroni	Benjamini	FDR
INTERPRO	IPR001452:Src homology-3 domain	6	0.9693053311793215	0.1465275867538277	552576, 413052, 726461, 552265, 412175, 551140	417	42	6219	2.130524152106886	1.0	0.9535439712570059	90.73743548829421
UP_KEYWORDS	SH3 domain	4	0.6462035541195477	0.28627927214589577	552576, 413052, 412175, 551140	486	27	7008	2.1362597165066304	1.0	0.9411647231282012	97.98737874899628
SMART	SM00326:SH3	5	0.8077544426494345	0.5211928376917563	413052, 726461, 552265, 412175, 551140	268	39	2790	1.3346727898966704	1.0	0.9983093299285692	99.98869904612164

Annotation Cluster 19	Enrichment Score: 0.4902625458253772
Category	Term	Count	%	PValue	Genes	List Total	Pop Hits	Pop Total	Fold Enrichment	Bonferroni	Benjamini	FDR
UP_KEYWORDS	Amidation	3	0.48465266558966075	0.10136699188173608	406143, 406130, 406135	486	8	7008	5.407407407407407	0.9999985829726902	0.853956375431149	70.99629647624741
UP_SEQ_FEATURE	disulfide bond	4	0.6462035541195477	0.1917404519624702	406143, 413045, 100049551, 406135	8	12	52	2.1666666666666665	0.9731858309906559	0.9731858309906559	78.58980708011926
GOTERM_CC_DIRECT	GO:0005576~extracellular region	8	1.2924071082390953	0.2650327520185545	409307, 727129, 406143, 406130, 413045, 100049551, 406135, 100576438	183	87	3033	1.524024872809497	0.9999998487597807	0.9802795498300627	94.91511552252017
UP_KEYWORDS	Secreted	6	0.9693053311793215	0.3738637926592312	409307, 406143, 406130, 413045, 100049551, 406135	486	58	7008	1.491698595146871	1.0	0.9476383220483195	99.55813259621246
UP_SEQ_FEATURE	signal peptide	5	0.8077544426494345	0.6743785381511922	406143, 406130, 413045, 100049551, 406135	8	30	52	1.0833333333333335	0.9999999947985866	0.999927879175271	99.97036589839485
UP_KEYWORDS	Disulfide bond	10	1.615508885298869	0.8808414140508057	725996, 100578215, 406143, 413333, 411157, 408312, 413045, 100049551, 406135, 724217	486	179	7008	0.8055727981240085	1.0	0.9997697267293382	99.99999999800048

Annotation Cluster 20	Enrichment Score: 0.46650493797855613
Category	Term	Count	%	PValue	Genes	List Total	Pop Hits	Pop Total	Fold Enrichment	Bonferroni	Benjamini	FDR
INTERPRO	IPR000210:BTB/POZ-like	6	0.9693053311793215	0.2664553212778603	724810, 100576963, 410191, 413270, 411827, 412187	417	52	6219	1.7208079690094078	1.0	0.9896126521211026	99.04670870881148
INTERPRO	IPR011333:BTB/POZ fold	6	0.9693053311793215	0.292794306580639	724810, 100576963, 410191, 413270, 411827, 412187	417	54	6219	1.6570743405275778	1.0	0.991716680057578	99.44950058674674
SMART	SM00225:BTB	6	0.9693053311793215	0.5108556026221455	724810, 100576963, 410191, 413270, 411827, 412187	268	49	2790	1.27474870545233	1.0	0.9989404189846032	99.98529082261346

Annotation Cluster 21	Enrichment Score: 0.4620601223704821
Category	Term	Count	%	PValue	Genes	List Total	Pop Hits	Pop Total	Fold Enrichment	Bonferroni	Benjamini	FDR
GOTERM_MF_DIRECT	GO:0004674~protein serine/threonine kinase activity	10	1.615508885298869	0.020152940156423833	412419, 413448, 727185, 551198, 411678, 410208, 551659, 724453, 408519, 409246	251	59	3566	2.4079951380917013	0.9094937295463221	0.25939807998039355	20.784142388859962
UP_KEYWORDS	Kinase	10	1.615508885298869	0.3114998829802685	412419, 413448, 552576, 727185, 551198, 413817, 408373, 551659, 724453, 409246	486	106	7008	1.3603540647565806	1.0	0.9470953135309703	98.67314781286744
GOTERM_MF_DIRECT	GO:0005524~ATP binding	36	5.815831987075929	0.4381737291308511	410352, 409192, 551685, 413341, 413052, 409952, 411068, 408519, 413152, 409246, 413510, 551773, 411678, 410208, 413389, 412742, 551424, 412313, 412419, 413448, 412092, 552576, 551198, 410535, 412667, 551659, 408312, 551673, 413126, 411980, 726506, 727185, 410489, 724453, 413328, 409576	251	482	3566	1.0611165297316958	1.0	0.981721372116579	99.86374580324721
UP_KEYWORDS	Serine/threonine-protein kinase	4	0.6462035541195477	0.7854676493712949	412419, 413448, 551198, 409246	486	59	7008	0.9776103787403224	1.0	0.9987541910737917	99.99999818761937
UP_KEYWORDS	ATP-binding	16	2.5848142164781907	0.8659882076693605	413448, 412419, 412092, 552576, 551198, 409192, 551659, 411068, 409246, 726506, 727185, 410489, 724453, 413328, 412313, 409576	486	275	7008	0.8389674523007857	1.0	0.9997166920843955	99.99999999220627
UP_KEYWORDS	Nucleotide-binding	20	3.231017770597738	0.9027268211054309	412092, 413448, 412419, 725834, 552576, 551198, 409192, 410906, 551659, 411068, 409246, 726506, 727185, 410489, 100576683, 724453, 413328, 409903, 412313, 409576	486	353	7008	0.8169831777008358	1.0	0.9998223269649372	99.99999999980932

Annotation Cluster 22	Enrichment Score: 0.42523677555354994
Category	Term	Count	%	PValue	Genes	List Total	Pop Hits	Pop Total	Fold Enrichment	Bonferroni	Benjamini	FDR
UP_KEYWORDS	Ion channel	7	1.1308562197092082	0.16778596440667257	725480, 408764, 725996, 413020, 409845, 413472, 413106	486	54	7008	1.8692272519433015	0.999999999910954	0.9011534640293282	88.0801837064668
UP_KEYWORDS	Ion transport	8	1.2924071082390953	0.28281446535850435	725480, 408764, 725996, 406130, 413020, 409845, 413472, 413106	486	77	7008	1.4981561648228316	1.0	0.9498023145536971	97.87127960575002
UP_KEYWORDS	Cell junction	3	0.48465266558966075	0.545933289852454	725480, 725996, 413472	486	26	7008	1.6638176638176638	1.0	0.9891299686627009	99.98930399742622
UP_KEYWORDS	Transport	13	2.10016155088853	0.7685215904914732	725480, 408764, 411147, 410062, 413020, 409845, 413106, 413128, 725996, 406130, 409424, 413472, 725057	486	205	7008	0.9144233664558867	1.0	0.9986186707650897	99.9999956286463

Annotation Cluster 23	Enrichment Score: 0.3458928420565298
Category	Term	Count	%	PValue	Genes	List Total	Pop Hits	Pop Total	Fold Enrichment	Bonferroni	Benjamini	FDR
INTERPRO	IPR023214:HAD-like domain	4	0.6462035541195477	0.36258758644081734	410201, 411809, 409192, 413328	417	32	6219	1.864208633093525	1.0	0.9961181533567457	99.88434890202326
UP_KEYWORDS	Magnesium	4	0.6462035541195477	0.44023915877945635	411809, 409192, 412655, 413328	486	35	7008	1.647971781305115	1.0	0.969237963620209	99.87930081560752
GOTERM_MF_DIRECT	GO:0000287~magnesium ion binding	3	0.48465266558966075	0.5744071965473442	411809, 409192, 413328	251	27	3566	1.5785745905267818	1.0	0.9917718695584594	99.99432365984073

Annotation Cluster 24	Enrichment Score: 0.3323896948117627
Category	Term	Count	%	PValue	Genes	List Total	Pop Hits	Pop Total	Fold Enrichment	Bonferroni	Benjamini	FDR
GOTERM_BP_DIRECT	GO:0006351~transcription, DNA-templated	8	1.2924071082390953	0.23385942295235176	411276, 413793, 724861, 410352, 410863, 412770, 409301, 725023	129	91	2319	1.580373115256836	0.9999999999979339	0.9953971059113689	94.82996057504994
UP_KEYWORDS	Transcription	5	0.8077544426494345	0.6432300761501449	411276, 413793, 724861, 412770, 409301	486	63	7008	1.144424848128552	1.0	0.9955327707800243	99.99934481628749
UP_KEYWORDS	Transcription regulation	4	0.6462035541195477	0.6691287631998089	413793, 724861, 412770, 409301	486	49	7008	1.177122700932225	1.0	0.996206138827894	99.99972626059757

Annotation Cluster 25	Enrichment Score: 0.27208917406337474
Category	Term	Count	%	PValue	Genes	List Total	Pop Hits	Pop Total	Fold Enrichment	Bonferroni	Benjamini	FDR
GOTERM_BP_DIRECT	GO:0007264~small GTPase mediated signal transduction	6	0.9693053311793215	0.3096313361128197	412030, 410906, 726887, 409903, 552138, 411245	129	67	2319	1.6098576883026725	0.9999999999999999	0.9907018079264349	98.37610153210579
INTERPRO	IPR005225:Small GTP-binding protein domain	5	0.8077544426494345	0.5902453671349742	412030, 726887, 409305, 409903, 552138	417	61	6219	1.2224318905531313	1.0	0.9998800575488992	99.99984808468324
INTERPRO	IPR001806:Small GTPase superfamily	4	0.6462035541195477	0.6028401138010198	412030, 726887, 409903, 552138	417	46	6219	1.296840788238974	1.0	0.9998853434347474	99.99990493837998
GOTERM_MF_DIRECT	GO:0005525~GTP binding	8	1.2924071082390953	0.7405658251303507	412030, 725834, 413943, 410906, 726887, 409305, 409903, 552138	251	119	3566	0.9551039539321704	1.0	0.9990143909433202	99.99998032554554

Annotation Cluster 26	Enrichment Score: 0.24144044436566311
Category	Term	Count	%	PValue	Genes	List Total	Pop Hits	Pop Total	Fold Enrichment	Bonferroni	Benjamini	FDR
INTERPRO	IPR015943:WD40/YVTN repeat-like-containing domain	13	2.10016155088853	0.42521981720901875	411459, 411604, 411939, 724505, 411121, 410078, 408507, 411068, 412997, 410348, 413618, 409348, 409779	417	165	6219	1.175016350555919	1.0	0.9982769072254	99.97552946300549
INTERPRO	IPR017986:WD40-repeat-containing domain	12	1.938610662358643	0.4910072114808549	411459, 411604, 411939, 724505, 411121, 410078, 411068, 412997, 408507, 410348, 413618, 409348	417	158	6219	1.1326837264365723	1.0	0.9995148886784133	99.99605598325337
INTERPRO	IPR019775:WD40 repeat, conserved site	7	1.1308562197092082	0.5419428347911297	411459, 411121, 411068, 412997, 410348, 413618, 409348	417	88	6219	1.1863145846958796	1.0	0.9997756893465157	99.99919030747348
INTERPRO	IPR001680:WD40 repeat	10	1.615508885298869	0.5904723461979001	411459, 411604, 411121, 410078, 411068, 412997, 408507, 410348, 413618, 409348	417	139	6219	1.0729258319962736	1.0	0.9998637816023676	99.99984934342552
SMART	SM00320:WD40	10	1.615508885298869	0.9288452603470487	411459, 411604, 411121, 410078, 411068, 412997, 408507, 410348, 413618, 409348	268	139	2790	0.7489530763448942	1.0	0.9999999373978025	99.99999999999932

Annotation Cluster 27	Enrichment Score: 0.23889382125189607
Category	Term	Count	%	PValue	Genes	List Total	Pop Hits	Pop Total	Fold Enrichment	Bonferroni	Benjamini	FDR
INTERPRO	IPR000330:SNF2-related	3	0.48465266558966075	0.16476278399046718	410352, 413341, 412742	417	11	6219	4.067364290385873	1.0	0.9597354468711069	93.30292703252812
INTERPRO	IPR001650:Helicase, C-terminal	4	0.6462035541195477	0.6983121226646858	410352, 413341, 412742, 412313	417	53	6219	1.1255599294149585	1.0	0.9999874347873673	99.9999984690381
INTERPRO	IPR014001:Helicase, superfamily 1/2, ATP-binding domain	4	0.6462035541195477	0.6983121226646858	410352, 413341, 412742, 412313	417	53	6219	1.1255599294149585	1.0	0.9999874347873673	99.9999984690381
SMART	SM00487:DEXDc	4	0.6462035541195477	0.8880571245712452	410352, 413341, 412742, 412313	268	52	2790	0.8008036739380022	1.0	0.999999779719929	99.99999999981617
SMART	SM00490:HELICc	4	0.6462035541195477	0.8956363397921059	410352, 413341, 412742, 412313	268	53	2790	0.7856941706561532	1.0	0.999999757732423	99.99999999992261

Annotation Cluster 28	Enrichment Score: 0.20064430748336146
Category	Term	Count	%	PValue	Genes	List Total	Pop Hits	Pop Total	Fold Enrichment	Bonferroni	Benjamini	FDR
INTERPRO	IPR019734:Tetratricopeptide repeat	5	0.8077544426494345	0.5069836818732126	100579007, 411194, 726991, 413130, 411163	417	55	6219	1.3557880967952909	1.0	0.9996143184986186	99.99755679401949
INTERPRO	IPR011990:Tetratricopeptide-like helical	8	1.2924071082390953	0.5499748580350492	100579007, 411194, 726991, 413130, 410502, 726435, 100577347, 411163	417	104	6219	1.1472053126729385	1.0	0.9997584578936531	99.99937919883367
SMART	SM00028:TPR	5	0.8077544426494345	0.7482572641928638	100579007, 411194, 726991, 413130, 411163	268	52	2790	1.0010045924225026	1.0	0.9999713412758401	99.99999594787418
INTERPRO	IPR013026:Tetratricopeptide repeat-containing domain	4	0.6462035541195477	0.755153102486789	100579007, 726991, 413130, 411163	417	58	6219	1.0285289010171172	1.0	0.9999970104402848	99.99999993338812

Annotation Cluster 29	Enrichment Score: 0.10723260468595547
Category	Term	Count	%	PValue	Genes	List Total	Pop Hits	Pop Total	Fold Enrichment	Bonferroni	Benjamini	FDR
GOTERM_MF_DIRECT	GO:0005509~calcium ion binding	8	1.2924071082390953	0.5594325539468824	411023, 408764, 410585, 411157, 552261, 724217, 409779, 408721	251	100	3566	1.1365737051792828	1.0	0.9920626929499814	99.99156778599782
INTERPRO	IPR002048:EF-hand domain	4	0.6462035541195477	0.7445219712807776	408764, 552261, 409779, 408721	417	57	6219	1.046573267701628	1.0	0.9999962839873865	99.99999987389452
INTERPRO	IPR018247:EF-Hand 1, calcium-binding site	3	0.48465266558966075	0.849341661261062	552261, 409779, 408721	417	49	6219	0.9130817794743799	1.0	0.9999998919829898	99.99999999995465
SMART	SM00054:EFh	3	0.48465266558966075	0.8625401268745698	552261, 409779, 408721	268	35	2790	0.892324093816631	1.0	0.9999994679887282	99.99999999768309
INTERPRO	IPR011992:EF-hand-like domain	3	0.48465266558966075	0.9535643091846908	552261, 409779, 408721	417	70	6219	0.6391572456320659	1.0	0.9999999999826383	100.0

Annotation Cluster 30	Enrichment Score: 0.08401526382514334
Category	Term	Count	%	PValue	Genes	List Total	Pop Hits	Pop Total	Fold Enrichment	Bonferroni	Benjamini	FDR
INTERPRO	IPR003598:Immunoglobulin subtype 2	5	0.8077544426494345	0.6761434873683007	413215, 413333, 410825, 725118, 409779	417	68	6219	1.0965933135844266	1.0	0.9999789033991479	99.9999955599971
INTERPRO	IPR013783:Immunoglobulin-like fold	7	1.1308562197092082	0.7303170452061941	100576121, 413215, 100577401, 413333, 410825, 725118, 409779	417	107	6219	0.9756605930209102	1.0	0.999994824475066	99.99999971580755
INTERPRO	IPR007110:Immunoglobulin-like domain	5	0.8077544426494345	0.8081980296650042	413215, 413333, 410825, 725118, 409779	417	82	6219	0.9093700649236708	1.0	0.9999992997626278	99.999999998297
INTERPRO	IPR003599:Immunoglobulin subtype	4	0.6462035541195477	0.8867766879524925	413215, 413333, 725118, 409779	417	75	6219	0.7953956834532373	1.0	0.9999999812970655	99.99999999999937
SMART	SM00408:IGc2	5	0.8077544426494345	0.9032062405526139	413215, 413333, 410825, 725118, 409779	268	68	2790	0.7654741000877961	1.0	0.9999997441367998	99.99999999996943
SMART	SM00409:IG	4	0.6462035541195477	0.9800294494936362	413215, 413333, 725118, 409779	268	75	2790	0.5552238805970149	1.0	0.9999999998948899	100.0

Annotation Cluster 31	Enrichment Score: 0.04649478045582886
Category	Term	Count	%	PValue	Genes	List Total	Pop Hits	Pop Total	Fold Enrichment	Bonferroni	Benjamini	FDR
INTERPRO	IPR003591:Leucine-rich repeat, typical subtype	3	0.48465266558966075	0.8572440165017214	410825, 724779, 100578059	417	50	6219	0.8948201438848922	1.0	0.9999999161232975	99.9999999999798
INTERPRO	IPR001611:Leucine-rich repeat	4	0.6462035541195477	0.881254700178847	552026, 410825, 724779, 100578059	417	74	6219	0.806144273770173	1.0	0.9999999776818709	99.99999999999872
SMART	SM00369:LRR_TYP	3	0.48465266558966075	0.9600851444994076	410825, 724779, 100578059	268	50	2790	0.6246268656716418	1.0	0.9999999967375064	100.0

Annotation Cluster 32	Enrichment Score: 0.032409939296105625
Category	Term	Count	%	PValue	Genes	List Total	Pop Hits	Pop Total	Fold Enrichment	Bonferroni	Benjamini	FDR
UP_KEYWORDS	G-protein coupled receptor	3	0.48465266558966075	0.8087480252580096	725008, 411760, 412883	486	43	7008	1.0060292850990527	1.0	0.9990389524011678	99.99999952078885
UP_KEYWORDS	Transducer	3	0.48465266558966075	0.990288323465474	725008, 411760, 412883	486	93	7008	0.4651533253683791	1.0	0.9999997880217393	100.0
UP_KEYWORDS	Receptor	4	0.6462035541195477	0.9981488036392792	725996, 725008, 411760, 412883	486	146	7008	0.39506172839506176	1.0	0.9999999985148526	100.0

Annotation Cluster 33	Enrichment Score: 0.008050338812141157
Category	Term	Count	%	PValue	Genes	List Total	Pop Hits	Pop Total	Fold Enrichment	Bonferroni	Benjamini	FDR
GOTERM_CC_DIRECT	GO:0016021~integral component of membrane	85	13.731825525040387	0.932072946111061	411564, 725480, 727202, 409200, 411186, 411902, 100579022, 408942, 413106, 408302, 100576449, 725008, 100576683, 551898, 411760, 725192, 412941, 551553, 725470, 412667, 100578215, 410062, 411148, 727078, 551130, 100578413, 100576370, 408988, 552258, 410803, 411057, 100578253, 410585, 411157, 411772, 413987, 412808, 410982, 409899, 100577441, 100188904, 409192, 411447, 100576461, 413259, 411023, 413128, 408523, 412623, 408564, 725996, 413260, 552505, 409424, 412883, 412787, 411459, 100578668, 410626, 410375, 413169, 551375, 413333, 413020, 100577285, 408312, 408283, 100578829, 409845, 552002, 725654, 412398, 410134, 413117, 551144, 406130, 410825, 551433, 413328, 408908, 725118, 409576, 551053, 413472, 100578059	183	1554	3033	0.9065447180201279	1.0	0.999999999881869	99.9999999994974
UP_KEYWORDS	Transmembrane helix	84	13.5702746365105	0.9986891202844571	411564, 725480, 409200, 411186, 411902, 408942, 100579022, 413106, 408302, 100576449, 725008, 100576683, 551898, 411760, 725192, 412941, 551553, 725470, 412667, 100578215, 410062, 411148, 727078, 551130, 100578413, 100576370, 408988, 552258, 410803, 411057, 100578253, 410585, 411157, 411772, 413987, 412808, 410982, 409899, 100577441, 100188904, 409192, 411447, 100576461, 413259, 411023, 413128, 408523, 412623, 408564, 725996, 413260, 552505, 409424, 412883, 412787, 411459, 100578668, 410626, 408764, 410375, 413169, 551375, 413333, 413020, 100577285, 408312, 408283, 100578829, 409845, 725654, 412398, 410134, 413117, 551144, 406130, 410825, 551433, 413328, 408908, 725118, 409576, 551053, 413472, 100578059	486	1567	7008	0.77297974426245	1.0	0.9999999991676175	100.0
UP_KEYWORDS	Transmembrane	84	13.5702746365105	0.9987527741166787	411564, 725480, 409200, 411186, 411902, 408942, 100579022, 413106, 408302, 100576449, 725008, 100576683, 551898, 411760, 725192, 412941, 551553, 725470, 412667, 100578215, 410062, 411148, 727078, 551130, 100578413, 100576370, 408988, 552258, 410803, 411057, 100578253, 410585, 411157, 411772, 413987, 412808, 410982, 409899, 100577441, 100188904, 409192, 411447, 100576461, 413259, 411023, 413128, 408523, 412623, 408564, 725996, 413260, 552505, 409424, 412883, 412787, 411459, 100578668, 410626, 408764, 410375, 413169, 551375, 413333, 413020, 100577285, 408312, 408283, 100578829, 409845, 725654, 412398, 410134, 413117, 551144, 406130, 410825, 551433, 413328, 408908, 725118, 409576, 551053, 413472, 100578059	486	1569	7008	0.7719944291008664	1.0	0.9999999988105573	100.0
UP_KEYWORDS	Membrane	86	13.893376413570275	0.9987583538983037	411564, 725480, 409200, 411186, 411902, 100579022, 408942, 413106, 408302, 100576449, 725008, 100576683, 551898, 411760, 725192, 412941, 551553, 725470, 412667, 100578215, 411147, 410062, 411148, 727078, 551130, 100578413, 100576370, 408988, 552258, 410803, 411057, 100578253, 410585, 411157, 411772, 413987, 412808, 410982, 409899, 100577441, 100188904, 409192, 411447, 100576461, 413259, 411023, 413128, 408523, 412623, 408564, 725996, 413260, 552505, 409424, 412883, 412787, 411459, 100578668, 410626, 408764, 410375, 413169, 551375, 413333, 413020, 100577285, 408312, 408283, 100578829, 409845, 725654, 412398, 410134, 413117, 551144, 406130, 410825, 551433, 413328, 408908, 725118, 409576, 551053, 413472, 725057, 100578059	486	1601	7008	0.7745776173841966	1.0	0.9999999980857728	100.0

